268
267
297
263
262
263
266
260
273
261
307
272
261
260
324
263
279
264
258
262
264
262
263
293
263
310
261
262
428
261
277
274
274
274
295
273
264
262
264
261
283
272
265
286
262
262
281
262
273
264
279
268
262
262
279
262
290
277
293
264
267
259
269
280
266
261
260
261
266
276
264
263
264
266
283
273
276
261
268
271
260
262
263
259
267
268
265
260
275
269
264
265
311
266
265
261
280
265
294
272
260
265
266
264
315
606
465
401
289
387
287
262
270
274
263
269
525
262
262
278
361
290
265
472
260
261
268
268
263
269
283
262
259
259
270
259
265
268
287
261
302
261
260
268
326
261
324
294
268
261
268
317
264
285
264
262
308
324
261
261
261
315
259
272
261
273
259
270
261
369
263
267
265
261
263
258
259
270
264
263
267
361
268
261
260
284
305
286
304
262
261
270
303
294
262
261
260
295
265
261
262
263
271
487
424
338
277
430
293
262
367
260
275
262
261
260
259
262
504
260
276
268
263
265
266
265
261
281
271
260
263
268
259
265
260
321
275
262
261
261
264
265
263
268
271
270
269
262
264
260
288
269
262
268
261
302
269
277
259
260
261
279
267
264
263
279
269
270
272
268
301
264
264
310
272
284
264
261
267
263
267
262
264
269
262
292
270
273
259
261
262
262
264
259
271
262
289
311
491
405
279
260
265
272
261
278
278
326
261
260
267
262
261
263
262
279
269
263
260
265
260
263
263
265
262
278
266
265
266
264
264
264
283
270
264
266
263
261
270
267
271
263
260
268
276
261
262
260
277
271
259
269
266
264
260
260
277
270
261
263
259
264
301
261
261
262
268
258
283
262
262
266
269
269
262
267
262
259
290
262
263
271
290
263
261
263
260
267
262
271
309
264
279
263
319
275
263
265
261
265
265
263
263
259
260
262
300
261
270
265
262
262
261
260
277
270
266
263
262
259
274
260
270
272
261
264
277
261
266
262
267
263
270
267
271
265
286
286
261
261
271
266
283
262
270
263
260
280
274
353
264
265
267
263
260
259
259
259
260
266
260
261
261
266
294
262
268
269
264
261
258
267
292
260
274
263
263
261
261
263
277
259
262
273
261
262
262
260
261
264
270
262
264
264
283
259
263
261
259
263
