0.000000000000
0.736150116507
1.472527841151
2.209360791543
2.946876604222
3.685302944063
4.424867513629
5.165798062429
5.908322396075
6.652668385313
7.399063974906
8.147737192339
8.898916156348
9.652829085221
10.409704304880
11.169770256701
11.933255505058
12.700388744680
13.471398781764
14.246476712637
14.944481034956
15.628189210572
16.316649676272
17.010069105681
17.708654436098
18.412607804497
18.934143559181
19.147961405221
19.367647167343
19.593264849691
19.824908285097
20.062671550291
20.306648979049
20.556935174320
20.813625019893
21.076813691475
21.346596667222
21.623069737488
21.906340853354
22.071109481133
22.167629792267
22.271150371543
22.381724971852
22.499405721261
22.624245248544
22.728033670361
22.716967717181
22.713122735973
22.716575364659
22.727345883947
22.745454967833
22.770923730265
22.803773732232
22.844026988324
22.891705972613
22.946833623840
23.009433349913
23.079529031712
23.157145026202
23.242306168839
23.335037775289
23.435365642441
23.543316048360
23.658915880460
23.781077206168
23.692534834285
23.610559570687
23.536244961380
23.469569729891
23.410513205365
23.359055193134
23.315175973523
23.278856299578
23.250077394099
23.228820945963
23.215069103654
23.208804717914
23.151601097600
22.849471513063
22.554577978947
22.266951426014
21.986505873571
21.713155693245
21.446815685535
21.187401075341
20.934827507160
20.689011039648
20.449868139538
20.217315675865
19.991270313813
19.749090547410
19.475633467803
19.208422849809
18.947366411667
18.619015057015
18.239575513458
17.865953976297
17.498027798292
17.135673959388
16.778769750672
16.427192760667
16.080820865178
15.739532216619
15.403205232864
15.071718585610
14.744951188296
14.422782183553
14.105090927583
13.791757288411
13.409177783785
12.713205272880
12.020976129050
11.332429160549
10.647355693851
9.965547082016
9.286775883442
8.570148405645
7.846730475191
7.125723431514
6.406907746308
5.690064021454
4.974972940576
4.261415260731
3.549171803585
2.838023446442
2.127751113168
1.418135764990
0.708958391237
0.000000000000
