0.000000000000
0.182341957125
0.368349961731
0.552625837478
0.730681842379
0.924714991158
1.094659701666
1.294304707167
1.461382881142
1.661570583809
1.843962001603
2.005305649745
2.225517505092
2.400368545716
2.591896214112
2.747288439482
2.938802304422
3.133114843075
3.315026656374
3.478449917528
3.712993046448
3.843499226430
4.089232322462
4.265117528610
4.385076520814
4.613621111988
4.815893070858
4.951655266605
5.118653671652
5.402665369638
5.489695616176
5.770531828736
5.925679344036
6.057388946672
6.330779895885
6.517735932240
6.640827703523
6.832612662952
7.085767952006
7.244242069625
7.439303032505
7.612101437875
7.823967082597
7.992211467347
8.094793187609
8.347411884509
8.496837408284
8.796629622604
8.845702446467
9.139599172884
9.262687651074
9.508815999666
9.689464292137
9.939094581713
10.000189783598
10.153653454581
10.485943229380
10.499917286808
10.856035087909
11.040298681241
11.161943543084
11.253265050914
11.459514300990
11.711132700216
12.018103366246
12.133598139260
12.245980191450
12.445852819008
12.615791837809
12.929628956369
13.202363527906
13.233103051029
13.448046767518
13.556047931707
13.735023514296
13.979531793742
14.280180953939
14.423404685540
14.564406729999
14.765885167253
15.076097549652
15.017688489211
15.406586388883
15.453296243645
15.721251507357
15.881861251395
16.130121934553
16.260954414696
16.477669966177
16.612431828207
16.648264237902
16.799315150420
17.125812536810
17.176440403744
17.408309980642
17.437377002130
17.632743989548
18.044880346797
18.101903412440
18.418175045253
18.242130893100
18.480013629880
18.677013931969
19.049618081189
19.004778945658
19.111808652720
19.004996369084
18.912275592425
19.276568947750
19.084177185771
19.434247549710
19.140263278039
19.259788399220
19.457149631306
19.292562680708
19.665678648954
19.726561477404
19.588645371594
19.514895115093
19.668014487639
19.655476621650
20.065211786246
20.062395975951
19.979234940620
20.187111913030
20.008888976718
20.318038436972
20.399998756898
20.338354297258
20.297860148830
20.328166046464
20.507414078419
20.623536457261
20.427167873804
20.481561707792
20.937978326211
20.702083757236
20.979854810309
20.745548441646
20.985536067800
21.063434446357
21.211494318151
21.116430298374
21.122245531232
21.425710736233
21.588407158608
21.675115649517
21.404385571706
21.604764004448
21.751186765658
21.776372214247
21.936331886101
22.013535979317
21.834168043696
22.236046500726
21.969193972982
21.857140895734
21.933849543242
22.256851359569
22.244372941411
22.111464851157
22.218642764319
22.108107261223
22.130533227069
22.352358814378
22.079878885360
22.251708759993
22.467247882583
22.467052438006
22.514872652688
22.237472258520
22.640625548462
22.344731319187
22.644837057077
22.541056430680
22.409716648901
22.837914456424
22.440377912438
22.830606907994
22.881787594041
22.633006947962
22.735454813783
22.810073606372
22.808315402014
22.785090195525
22.674782894826
22.547322273926
22.677008712475
22.529751371839
22.544276897201
22.816001688392
22.558884106152
22.631163758930
22.734666565937
22.842100545512
22.733383830112
22.835839534363
22.519488183004
22.679279701742
22.845573604013
22.837694600883
22.838492032378
22.812079404950
22.871338465098
22.789367295920
22.717602621840
22.848594161129
22.719471828757
22.905422317434
22.964598493051
22.941480005880
22.744853679175
23.063592339430
23.039782441551
22.934406413357
22.894631544480
22.859275997600
22.933616251784
22.874748567630
22.761935922861
23.035814143272
22.769774057505
23.073154286681
23.018146858273
22.795342464579
22.864542058228
23.243323245119
23.179032125821
23.066470330328
23.326030104660
23.013615155594
23.033999396467
23.346659477028
23.182310599474
23.374547030143
23.171991449323
23.131453554682
23.211527863140
23.501675186208
23.189846398083
23.371400183468
23.229731106488
23.585628999665
23.604393845788
23.279363507552
23.538537519940
23.501561712297
23.579369421346
23.648289908483
23.580547432891
23.805354901956
23.788753657094
23.634583306066
23.873222133171
23.912062919003
23.662441571040
23.629973343308
23.658763911697
23.923198753012
23.637310251242
23.702975832942
23.802656301425
23.495737410329
23.763835960390
23.823283024053
23.391774235385
23.791775460668
23.437094443313
23.752809732517
23.614322933965
23.532694829943
23.345586547960
23.318425328377
23.259427543475
23.422537756566
23.222738487565
23.406469395900
23.488177106302
23.373016849294
23.320667212160
23.205756715131
23.193384278470
23.505541310723
23.529483175252
23.082500948548
23.277080509969
23.275596689406
23.439373382930
23.230035137894
23.432311624146
23.397027811489
23.330565315716
23.264155019011
23.140816460833
23.102938421189
23.297372911611
23.213593580812
23.124614185713
22.998202025510
23.307694011365
23.111346269193
23.077776829171
23.255189757986
23.261660677007
23.052724142712
23.120350496125
23.209698759543
23.050275395784
23.195039936538
23.254351933062
23.061563423364
22.783801982512
22.811369302807
22.732510558328
22.623932633974
22.771985433460
22.776454948634
22.537719839687
22.410053205027
22.330096196969
22.184086590756
22.290409228753
22.238467677524
21.883765997804
21.826902910618
21.867219350446
21.859071180832
21.664679794473
21.539500809338
21.439227928840
21.443003045753
21.346027119426
21.597749115422
21.507423234164
21.183798020082
21.404710927733
21.050009828645
21.245679808347
20.927605382710
21.025901340353
20.773658660852
20.719263194785
20.661965655775
20.721213169317
20.522587212938
20.471378052482
20.559031540610
20.661991461712
20.270601800709
20.323171990625
20.202438015933
20.344079479055
20.249399797546
20.271707184131
20.279138152100
19.878843219776
20.184392561963
20.131191728647
19.784416111339
20.000955032669
19.745040317347
19.554929731708
19.650357852670
19.699375776627
19.408030130585
19.350321256299
19.336791323199
19.211927977762
19.344693792394
19.108689007816
19.135314719181
19.086194238224
19.021589988821
18.814970482953
18.675511809231
18.712991164053
18.751604582251
18.411671587380
18.407796309809
18.330102853985
18.367692847977
18.130500243494
18.100371957659
18.060751863687
17.984565983134
17.926318673273
17.672296819190
17.751736747982
17.571080876169
17.575088945542
17.334531402523
17.125579066100
17.059165609516
17.098161147051
16.923884429644
16.848517151304
16.725402540265
16.779631882724
16.646555995336
16.492781110201
16.539270864051
16.199130894075
16.105666370511
16.305249673844
16.234144942899
15.944113443546
15.994585464949
15.911892594739
15.686636398031
15.665653816840
15.530725571874
15.350548908924
15.249450529425
15.439163338744
15.085755963521
15.066761769270
15.135736707279
14.858718898956
14.910227534904
14.720482205736
14.879103379472
14.592029823605
14.597674887986
14.465384576655
14.307899949906
14.293297487551
14.331743447343
14.081205537072
14.115275761451
14.148480149246
14.021587068460
13.881007138257
13.867814618713
13.755489556589
13.638074416563
13.603164431866
13.435540259228
13.125308796859
12.973710389821
12.929558336193
12.628329001464
12.418936122877
12.342063070495
12.309398525448
11.937199460181
11.852508843836
11.660134503831
11.468589247534
11.414319250476
11.064272905280
10.918839773393
10.713907050400
10.617980988973
10.517601439576
10.282806596966
10.203657436129
9.986550551405
9.716019079114
9.673420953278
9.431685854767
9.296508476717
9.159279663154
8.847434243093
8.672360058596
8.535712975514
8.313401524797
8.154196760152
7.990985115048
7.799846937106
7.657899440087
7.482686051585
7.313538058093
7.196891504581
6.951469686806
6.789343317267
6.602715929191
6.463763748825
6.194124110192
5.994421116566
5.877853696416
5.737780192962
5.547777737172
5.345777736501
5.202444555950
4.982029941286
4.767342037540
4.590998892044
4.483493798949
4.255297612675
4.111387647057
3.910415435936
3.729612485217
3.515845311061
3.343505007483
3.196499591629
3.006516324052
2.812587162201
2.641956332771
2.467173529426
2.289926216281
2.124609519526
1.942898274985
1.785017361558
1.606017192495
1.417343752157
1.253025773656
1.059808560655
0.884421831424
0.702123034477
0.536224062210
0.351039741400
0.176489385479
0.000000000000
