0.000000000000
0.092014096857
0.184028638257
0.276044068742
0.368060832856
0.460079375143
0.552100140149
0.644123572421
0.736150116507
0.828180216958
0.920214318327
1.012252865169
1.104296302044
1.196345073513
1.288399624140
1.380460398495
1.472527841151
1.564602396685
1.656684509679
1.748774624720
1.840873186399
1.932980639315
2.025097428070
2.117223997274
2.209360791543
2.301508255499
2.393666833771
2.485836970995
2.578019111816
2.670213700885
2.762421182862
2.854642002415
2.946876604222
3.039125432967
3.131388933345
3.223667550061
3.315961727829
3.408271911374
3.500598545429
3.592942074740
3.685302944063
3.777681598166
3.870078481826
3.962494039835
4.054928716995
4.147382958120
4.239857208039
4.332351911591
4.424867513629
4.517404459022
4.609963192648
4.702544159403
4.795147804195
4.887774571949
4.980424907600
5.073099256104
5.165798062429
5.258521771558
5.351270828492
5.444045678247
5.536846765856
5.629674536368
5.722529434850
5.815411906385
5.908322396075
6.001261349038
6.094229210413
6.187226425354
6.280253439035
6.373310696650
6.466398643410
6.559517724548
6.652668385313
6.745851070979
6.839066226835
6.932314298193
7.025595730387
7.118910968770
7.212260458716
7.305644645622
7.399063974906
7.492518892008
7.586009842390
7.679537271538
7.773101624959
7.866703348183
7.960342886766
8.054020686284
8.147737192339
8.241492850557
8.335288106588
8.429123406105
8.522999194808
8.616915918421
8.710874022695
8.804873953403
8.898916156348
8.993001077355
9.087129162279
9.181300856999
9.275516607422
9.369776859481
9.464082059137
9.558432652378
9.652829085221
9.747271803709
9.841761253915
9.936297881940
10.030882133912
10.125514455990
10.220195294362
10.314925095243
10.409704304880
10.504533369550
10.599412735558
10.694342849242
10.789324156967
10.884357105131
10.979442140163
11.074579708523
11.169770256701
11.265014231221
11.360312078637
11.455664245535
11.551071178534
11.646533324285
11.742051129473
11.837625040813
11.933255505058
12.028942968988
12.124687879421
12.220490683202
12.316351827215
12.412271758384
12.508250923687
12.604289770126
12.700388744680
12.796548294253
12.892768865810
12.989050906833
13.085394865650
13.181801190065
13.278270323292
13.374802703214
13.471398781764
13.568059060363
13.664784031699
13.761573879941
13.858428533908
13.955350013236
14.052343061327
14.149390166892
14.246476712637
14.343965588990
14.434955469328
14.519446779044
14.604341695541
14.689278179173
14.774271698018
14.859340614151
14.944481034956
15.029691791586
15.114973806014
15.200327744867
15.285753966253
15.371252819554
15.456824703644
15.542470031448
15.628189210572
15.713982644030
15.799850734323
15.885793884802
15.971812499343
16.057906981887
16.144077736312
16.230325166475
16.316649676272
16.403051669656
16.489531550632
16.576089723256
16.662726591620
16.749442559857
16.836238032130
16.923113412646
17.010069105681
17.097105515624
17.184223046953
17.271422104048
17.358703090862
17.446066411006
17.533512469223
17.621041673975
17.708654436098
17.796351154654
17.884132197294
17.971997935500
18.059948906055
18.147985868538
18.236108921634
18.324316014158
18.412607804497
18.501003235006
18.589495757977
18.677897346317
18.766910911757
18.852873679425
18.881792729023
18.907661568201
18.934143559181
18.960536377585
18.987028637862
19.013627475075
19.040314534232
19.067089744306
19.093955743852
19.120913021557
19.147961405221
19.175100945442
19.202331858131
19.229654363033
19.257068648493
19.284574891088
19.312173269778
19.339863967253
19.367647167343
19.395523053549
19.423491808957
19.451553616563
19.479708659467
19.507957120896
19.536299184158
19.564735032618
19.593264849691
19.621888818843
19.650607123601
19.679419947553
19.708327474349
19.737329887699
19.766427371374
19.795620109209
19.824908285097
19.854292082996
19.883771686927
19.913347280971
19.943019049277
19.972787176055
20.002651845579
20.032613242189
20.062671550291
20.092826954352
20.123079638910
20.153429788566
20.183877587988
20.214423221912
20.245066875138
20.275808732538
20.306648979049
20.337587799676
20.368625379495
20.399761903648
20.430997557349
20.462332525879
20.493766994591
20.525301148907
20.556935174320
20.588669256396
20.620503580768
20.652438333145
20.684473699305
20.716609865099
20.748847016452
20.781185339360
20.813625019893
20.846166244195
20.878809198483
20.911554069048
20.944401042258
20.977350304551
21.010402042445
21.043556442531
21.076813691475
21.110173976021
21.143637482990
21.177204399276
21.210874911847
21.244649207744
21.278527474099
21.312509898148
21.346596667222
21.380787968674
21.415083989747
21.449484917606
21.483990939932
21.518602245952
21.553319025908
21.588141465390
21.623069737488
21.658104016884
21.693244544443
21.728491650213
21.763845399945
21.799304999503
21.834870738646
21.870550220781
21.906340853354
21.942167452119
21.978311208425
22.013307039043
22.025557802636
22.036660929112
22.048081790271
22.059539483338
22.071109481133
22.082794664787
22.094587719473
22.106488644016
22.118498521138
22.130617573679
22.142845760192
22.155183128412
22.167629792267
22.180185867284
22.192851456495
22.205626658293
22.218511572090
22.231506298856
22.244610940084
22.257825597204
22.271150371543
22.284585364463
22.298130677433
22.311786412041
22.325552669974
22.339429553013
22.353417163023
22.367515601955
22.381724971852
22.396045374850
22.410476913193
22.425019689240
22.439673805436
22.454439364225
22.469316467984
22.484305219221
22.499405721261
22.514618078740
22.529942395549
22.545378768731
22.560927287381
22.576588061704
22.592361276180
22.608247102233
22.624245248544
22.640355040815
22.656578941012
22.672923496790
22.689361873812
22.705871578769
22.722996379981
22.730383720231
22.728033670361
22.726298929277
22.724635870346
22.723067128568
22.721619679972
22.720287118594
22.719067124166
22.717960512688
22.716967717181
22.716088707931
22.715323442173
22.714671951420
22.714134288304
22.713710497516
22.713400616903
22.713204683578
22.713122735973
22.713154813344
22.713300955091
22.713561200553
22.713935589080
22.714424160122
22.715026953253
22.715744008165
22.716575364659
22.717521062639
22.718581142111
22.719755643186
22.721044606081
22.722448071121
22.723966078736
22.725598669463
22.727345883947
22.729207762940
22.731184347298
22.733275677990
22.735481796090
22.737802742779
22.740238559348
22.742789287197
22.745454967833
22.748235642874
22.751131354044
22.754142143180
22.757268052227
22.760509123239
22.763865398381
22.767336919928
22.770923730265
22.774625871889
22.778443387405
22.782376319532
22.786424711098
22.790588605044
22.794868044420
22.799263072391
22.803773732232
22.808400067329
22.813142121182
22.817999937403
22.822973559716
22.828063031958
22.833268398079
22.838589702143
22.844026988324
22.849580300912
22.855249684311
22.861035183037
22.866936841719
22.872954705103
22.879088818046
22.885339225520
22.891705972613
22.898189104525
22.904788666573
22.911504704185
22.918337262909
22.925286388403
22.932352126444
22.939534522921
22.946833623840
22.954249475322
22.961782123604
22.969431615037
22.977197996091
22.985081313347
22.993081613507
23.001198943385
23.009433349913
23.017784880139
23.026253581227
23.034839500457
23.043542685226
23.052363183048
23.061301041553
23.070356308486
23.079529031712
23.088819259210
23.098227039078
23.107752419528
23.117395448893
23.127156175619
23.137034648271
23.147030915533
23.157145026202
23.167377029195
23.177726973546
23.188194908405
23.198780883043
23.209484946843
23.220307149309
23.231247540061
23.242306168839
23.253483085496
23.264778340007
23.276191982461
23.287724063067
23.299374632151
23.311143740156
23.323031437642
23.335037775289
23.347162803891
23.359406574363
23.371769137736
23.384250545158
23.396850847896
23.409570097335
23.422408344978
23.435365642441
23.448442041456
23.461637593868
23.474952351654
23.488386366937
23.501939691976
23.515612379085
23.529404480490
23.543316048360
23.557347135462
23.571497796297
23.585768086505
23.600158056644
23.614667743549
23.629297185835
23.644046494948
23.658915880460
23.673905261245
23.689013610331
23.704241093054
23.719595919792
23.735075085391
23.750595733861
23.766467022394
23.781077206168
23.770669276472
23.759000252985
23.747681891493
23.736405045773
23.725252582780
23.714227518635
23.703321653927
23.692534834285
23.681868097647
23.671321536105
23.660894951050
23.650588242002
23.640401381311
23.630334343104
23.620387087789
23.610559570687
23.600851748259
23.591263578700
23.581795020801
23.572446033298
23.563216574837
23.554106604116
23.545116079969
23.536244961380
23.527493207456
23.518860777424
23.510347630619
23.501953726494
23.493679024616
23.485523484669
23.477487066455
23.469569729891
23.461771435013
23.454092141971
23.446531811032
23.439090402579
23.431767877112
23.424564195247
23.417479317715
23.410513205365
23.403665819161
23.396937120182
23.390327069625
23.383835628802
23.377462759140
23.371208422182
23.365072579589
23.359055193134
23.353156224708
23.347375636316
23.341713390079
23.336169448234
23.330743773131
23.325436327239
23.320247073137
23.315175973523
23.310222991208
23.305388089117
23.300671230292
23.296072377887
23.291591495173
23.287228545532
23.282983492463
23.278856299578
23.274846930603
23.270955349377
23.267181519854
23.263525406101
23.259986972299
23.256566182741
23.253263001834
23.250077394099
23.247009324167
23.244058756785
23.241225656811
23.238509989216
23.235911719085
23.233430811614
23.231067232104
23.228820945963
23.226691918717
23.224680116033
23.222785503732
23.221008047734
23.219347713877
23.217804467776
23.216378275233
23.215069103654
23.213876923070
23.212801701890
23.211843394281
23.211001937896
23.210277313932
23.209669656992
23.209179074616
23.208804717914
23.208544946416
23.208404601170
23.208396966899
23.208466338771
23.208565983325
23.209819441040
23.190831179519
23.151601097600
23.113524525348
23.075477719955
23.037507212555
22.999668505647
22.961948112176
22.924340988763
22.886848573541
22.849471513063
22.812209497452
22.775062189764
22.738029406455
22.701111007528
22.664306836464
22.627616722501
22.591040493251
22.554577978947
22.518229011421
22.481993422688
22.445871044536
22.409861708665
22.373965246869
22.338181491091
22.302510273409
22.266951426014
22.231504781194
22.196170171340
22.160947428947
22.125836386613
22.090836877045
22.055948733053
22.021171787555
21.986505873571
21.951950824227
21.917506472753
21.883172652484
21.848949196861
21.814835939425
21.780832713825
21.746939353813
21.713155693245
21.679481566080
21.645916806380
21.612461248314
21.579114726151
21.545877074263
21.512748127128
21.479727719325
21.446815685535
21.414011860544
21.381316079238
21.348728176607
21.316247987742
21.283875347836
21.251610092186
21.219452056188
21.187401075341
21.155456985245
21.123619621599
21.091888820208
21.060264416972
21.028746247895
20.997334149082
20.966027956735
20.934827507160
20.903732636759
20.872743182037
20.841858979596
20.811079866138
20.780405678465
20.749836253477
20.719371428172
20.689011039648
20.658754925101
20.628602921823
20.598554867206
20.568610598739
20.538769954009
20.509032770696
20.479398886580
20.449868139538
20.420440367552
20.391115408708
20.361893101168
20.332773283134
20.303755792859
20.274840468817
20.246027150024
20.217315675865
20.188705884403
20.160197610022
20.131790687651
20.103484972147
20.075280345187
20.047176609231
20.019173308841
19.991270313813
19.963469688110
19.935770436970
19.908149788194
19.880691882325
19.852956977601
19.818465714895
19.783697106516
19.749090547410
19.714561550213
19.680132540306
19.645804165628
19.611574015389
19.577441872959
19.543407846942
19.509471788054
19.475633467803
19.441892684511
19.408249256338
19.374703001845
19.341253735938
19.307901272819
19.274645428109
19.241486017232
19.208422849809
19.175455728530
19.142584474328
19.109808972491
19.077129097002
19.044544320807
19.012053784943
18.979659348542
18.947366411667
18.915151443316
18.882994674713
18.851367097161
18.811296219824
18.762781829521
18.714795990718
18.666867285747
18.619015057015
18.571262409154
18.523603515726
18.476036091228
18.428560568245
18.381177047446
18.333885228451
18.286684799566
18.239575513458
18.192557141095
18.145629446549
18.098792187951
18.052045122790
18.005388009682
17.958820607952
17.912342677034
17.865953976297
17.819654265112
17.773443302916
17.727320849245
17.681286663723
17.635340506053
17.589482136012
17.543711313449
17.498027798292
17.452431350539
17.406921730267
17.361498697627
17.316162012845
17.270911436220
17.225746728125
17.180667649008
17.135673959388
17.090765419858
17.045941791084
17.001202833804
16.956548308828
16.911977977039
16.867491599388
16.823088936901
16.778769750672
16.734533801867
16.690380851722
16.646310661543
16.602322992703
16.558417606649
16.514594264892
16.470852729015
16.427192760667
16.383614121567
16.340116573498
16.296699878315
16.253363797937
16.210108094349
16.166932529603
16.123836865818
16.080820865178
16.037884289930
15.995026902389
15.952248464933
15.909548740003
15.866927490106
15.824384477811
15.781919465750
15.739532216619
15.697222493176
15.654990058239
15.612834674689
15.570756105470
15.528754113584
15.486828462095
15.444978914127
15.403205232864
15.361507181549
15.319884523483
15.278337022029
15.236864440605
15.195466542688
15.154143091813
15.112893851570
15.071718585610
15.030617057636
14.989589031409
14.948634270746
14.907752539518
14.866943601651
14.826207221126
14.785543161979
14.744951188296
14.704431064220
14.663982553945
14.623605421717
14.583299431837
14.543064348657
14.502899936578
14.462805960047
14.422782183553
14.382828371641
14.342944288944
14.303129700200
14.263384370177
14.223708063452
14.184100544225
14.144561576845
14.105090927583
14.065688365922
14.026353659211
13.987086556791
13.947886787131
13.908754133393
13.869688571638
13.830690043785
13.791757288411
13.752888048142
13.714088219675
13.675374322300
13.636676081908
13.597934510853
13.560562901513
13.497644099654
13.409177783785
13.322080465160
13.234938208418
13.147809358220
13.060763545691
12.973783608551
12.886863007111
12.800003355746
12.713205272880
12.626468173584
12.539791438786
12.453174642301
12.366617412634
12.280119357406
12.193680066224
12.107299126551
12.020976129050
11.934710666299
11.848502331008
11.762350715503
11.676255411904
11.590216012348
11.504232109063
11.418303294349
11.332429160549
11.246609300031
11.160843305192
11.075130768457
10.989471282290
10.903864439192
10.818309831703
10.732807052398
10.647355693851
10.561955348613
10.476605609282
10.391306068729
10.306056320261
10.220855956936
10.135704569530
10.050601746170
9.965547082016
9.880540196985
9.795580706643
9.710668072304
9.625801627620
9.540981751661
9.456210185391
9.371477542440
9.286775883442
9.202286022905
9.114556666819
9.023587397190
8.932828672038
8.842098840865
8.751405007047
8.660755720960
8.570148405645
8.479581846034
8.389055872473
8.298570187643
8.208124339970
8.117717873523
8.027350357121
7.937021366612
7.846730475191
7.756477253759
7.666261272964
7.576082103883
7.485939317856
7.395832486260
7.305761180443
7.215724971741
7.125723431514
7.035756131148
6.945822642060
6.855922535687
6.766055383487
6.676220756939
6.586418227543
6.496647366819
6.406907746308
6.317198937573
6.227520512195
6.137872041774
6.048253097934
5.958663252313
5.869102076571
5.779569142385
5.690064021454
5.600586285490
5.511135506226
5.421711255414
5.332313104820
5.242940626229
5.153593391443
5.064270972281
4.974972940576
4.885698868179
4.796448326957
4.707220888792
4.618016125580
4.528833609235
4.439672911681
4.350533604862
4.261415260731
4.172317451259
4.083239748429
3.994181724235
3.905142950687
3.816122999808
3.727121443632
3.638137854204
3.549171803585
3.460222863843
3.371290607061
3.282374605330
3.193474430755
3.104589655450
3.015719851538
2.926864591155
2.838023446442
2.749195989555
2.660381792656
2.571580427915
2.482791467512
2.394014483636
2.305249048483
2.216494734257
2.127751113168
2.039017757435
1.950294239283
1.861580130945
1.772875004658
1.684178432667
1.595489987221
1.506809240575
1.418135764990
1.329469132732
1.240808916070
1.152154687278
1.063506018635
0.974862482423
0.886223650926
0.797589096434
0.708958391237
0.620331107631
0.531706817910
0.443085094374
0.354465509322
0.265847635055
0.177231043877
0.088615308091
0.000000000000
