0.000000000000
0.730681842379
1.461382881142
2.225517505092
2.938802304422
3.712993046448
4.385076520814
5.118653671652
5.925679344036
6.640827703523
7.439303032505
8.094793187609
8.845702446467
9.689464292137
10.485943229380
11.161943543084
12.018103366246
12.615791837809
13.448046767518
14.280180953939
15.076097549652
15.721251507357
16.477669966177
17.125812536810
17.632743989548
18.242130893100
19.004778945658
19.276568947750
19.259788399220
19.726561477404
19.655476621650
20.187111913030
20.338354297258
20.623536457261
20.702083757236
21.063434446357
21.425710736233
21.604764004448
22.013535979317
21.857140895734
22.111464851157
22.352358814378
22.467052438006
22.344731319187
22.837914456424
22.633006947962
22.785090195525
22.529751371839
22.631163758930
22.835839534363
22.837694600883
22.789367295920
22.905422317434
23.063592339430
22.859275997600
23.035814143272
22.795342464579
23.066470330328
23.346659477028
23.131453554682
23.371400183468
23.279363507552
23.648289908483
23.634583306066
23.629973343308
23.702975832942
23.823283024053
23.752809732517
23.318425328377
23.406469395900
23.205756715131
23.082500948548
23.230035137894
23.264155019011
23.213593580812
23.111346269193
23.052724142712
23.195039936538
22.811369302807
22.776454948634
22.184086590756
21.826902910618
21.539500809338
21.597749115422
21.050009828645
20.773658660852
20.522587212938
20.270601800709
20.249399797546
20.184392561963
19.745040317347
19.408030130585
19.344693792394
19.021589988821
18.751604582251
18.367692847977
17.984565983134
17.571080876169
17.059165609516
16.725402540265
16.539270864051
16.234144942899
15.686636398031
15.249450529425
15.135736707279
14.879103379472
14.307899949906
14.115275761451
13.867814618713
13.435540259228
12.628329001464
11.937199460181
11.414319250476
10.617980988973
9.986550551405
9.296508476717
8.535712975514
7.799846937106
7.196891504581
6.463763748825
5.737780192962
4.982029941286
4.255297612675
3.515845311061
2.812587162201
2.124609519526
1.417343752157
0.702123034477
0.000000000000
