0.000000000000
0.046261521593
0.091214284391
0.138642752764
0.182341957125
0.228107580623
0.278072845640
0.323238956022
0.368349961731
0.410357163643
0.462847405418
0.507479201737
0.552625837478
0.592648596193
0.649517642927
0.691206795245
0.730681842379
0.778183572306
0.820317724148
0.873698372633
0.924714991158
0.969829953448
1.008071263319
1.058952826318
1.094659701666
1.160416493612
1.202713994519
1.250756194591
1.294304707167
1.346227991827
1.381154694200
1.439376843049
1.461382881142
1.528757170881
1.574179002925
1.617193780186
1.661570583809
1.693218992275
1.760741244989
1.804870806148
1.843962001603
1.896404455947
1.941418810360
1.970748915526
2.005305649745
2.069469261698
2.096699840943
2.183115700079
2.225517505092
2.265612105958
2.302755693061
2.328477018637
2.400368545716
2.429877359043
2.502288846526
2.506948011482
2.591896214112
2.611632918898
2.696523866462
2.690327307822
2.747288439482
2.801815208109
2.836829566006
2.914224249083
2.938802304422
3.004385890549
3.040410942122
3.095998680036
3.133114843075
3.195429547426
3.244386700000
3.240983390247
3.315026656374
3.372453445411
3.421914568434
3.470269960202
3.478449917528
3.550749314010
3.603635263348
3.674644134522
3.712993046448
3.748253084612
3.774550343177
3.821315022389
3.843499226430
3.909607559170
3.981842745739
4.022848997394
4.089232322462
4.071692947412
4.176580574648
4.186130551190
4.265117528610
4.288323051742
4.370023157254
4.391384635540
4.385076520814
4.486317705183
4.514939442641
4.527304774471
4.613621111988
4.650725949684
4.657787684244
4.712280780844
4.815893070858
4.850817013960
4.886300796114
4.982210496215
4.951655266605
4.990962551160
5.087271792678
5.114892803329
5.118653671652
5.247336090661
5.235890565154
5.299229931619
5.402665369638
5.368521139227
5.466395390599
5.520593685037
5.489695616176
5.547253312441
5.661864722260
5.724885956558
5.770531828736
5.734797417016
5.819944686929
5.876157358844
5.925679344036
5.970860599705
5.980733947323
6.015187523842
6.057388946672
6.190574049639
6.196592141797
6.273858710131
6.330779895885
6.383498569030
6.337288566427
6.468812283047
6.517735932240
6.456123187867
6.587692001245
6.596855433606
6.640827703523
6.657768439716
6.796742955642
6.815468518584
6.832612662952
6.950081690625
6.903566995516
7.023094538578
7.085767952006
7.073164234254
7.139159465803
7.134764615267
7.244242069625
7.225709484064
7.332042800047
7.406803097770
7.439303032505
7.516893120493
7.442222726491
7.477260599527
7.612101437875
7.696408377289
7.680695049611
7.700811151520
7.823967082597
7.836822960725
7.858617451740
7.835549666512
7.992211467347
7.957174578743
8.055166098937
8.062425391975
8.094793187609
8.184906712880
8.243681057833
8.297016126722
8.347411884509
8.446291929731
8.511884036685
8.492601166902
8.496837408284
8.620131893375
8.647100238289
8.744285971278
8.796629622604
8.778074880634
8.883418362613
8.919620868699
8.845702446467
8.967516144447
8.985733562217
9.037041469187
9.139599172884
9.087505667979
9.228576136414
9.152969513720
9.262687651074
9.230806000564
9.301531644927
9.462877550517
9.508815999666
9.495971881747
9.569144211172
9.622012160250
9.689464292137
9.753880811079
9.820747438815
9.753977939187
9.939094581713
9.841671495549
9.874879449584
9.922866578856
10.000189783598
10.024373413691
10.134636596764
10.119039824012
10.153653454581
10.196918589182
10.382467754883
10.348083921468
10.485943229380
10.356380651604
10.420842049580
10.447152315972
10.499917286808
10.687409269443
10.623623826793
10.808172208663
10.856035087909
10.751904218309
10.915388833417
10.877345382869
11.040298681241
11.069837580027
11.031845559582
11.080194171152
11.161943543084
11.311713319097
11.165465980823
11.396882463453
11.253265050914
11.389751970075
11.384595565832
11.611474947179
11.459514300990
11.611552687034
11.604272122092
11.612349940595
11.711132700216
11.870816644446
11.890550608259
11.902241885069
12.018103366246
11.898821942869
12.000969536748
11.960702495563
12.133598139260
12.072317119521
12.218916829304
12.265171512046
12.245980191450
12.340486706739
12.471509133108
12.452184613872
12.445852819008
12.676165646647
12.506492759989
12.686566026322
12.615791837809
12.651778509351
12.810216899566
12.729167841895
12.929628956369
12.995198119670
12.908762739754
13.052724339505
13.202363527906
13.006907794552
13.173530129777
13.240016918655
13.233103051029
13.369004932515
13.492341940447
13.459543654901
13.448046767518
13.533848346008
13.433807035199
13.666213264583
13.556047931707
13.658924168321
13.730335565014
13.783946825462
13.735023514296
14.023340700460
13.983254750711
13.896643071105
13.979531793742
14.035081711735
14.072707873553
14.065312908565
14.280180953939
14.198254012487
14.276612381631
14.354405367448
14.423404685540
14.479921004028
14.462506903221
14.674217599441
14.564406729999
14.620880155163
14.799271809778
14.588058122420
14.765885167253
14.851371137288
14.914638566191
14.825298268139
15.076097549652
14.913100398848
14.901040161785
15.200990802336
15.017688489211
15.075263976152
15.173264323723
15.129431275962
15.406586388883
15.239321720353
15.466237751678
15.476500481003
15.453296243645
15.527726436658
15.642658651707
15.511025279641
15.721251507357
15.625651684996
15.714740360409
15.647998235153
15.881861251395
15.757630041698
15.899969751168
15.817627116456
16.130121934553
15.873230217735
16.161075125990
16.251393604496
16.260954414696
16.271222767075
16.094328643214
16.205159648413
16.477669966177
16.470730597500
16.270493666722
16.434868278910
16.612431828207
16.629806846128
16.422242242356
16.617663673729
16.648264237902
16.660015311054
16.700554450282
16.795556790974
16.799315150420
16.713872330754
17.079623935079
16.918902652501
17.125812536810
17.069815228186
17.261277801138
17.143510281229
17.176440403744
17.164730816293
17.387204463720
17.432490522794
17.408309980642
17.510133513976
17.271877285147
17.516766078570
17.437377002130
17.458961943949
17.496989368504
17.825965141784
17.632743989548
17.724048847813
17.972625568874
17.945017358278
18.044880346797
18.091473480793
18.021119677958
18.063610151068
18.101903412440
18.283598322058
18.195207075092
18.228202033902
18.418175045253
18.321396336649
18.370564402303
18.422131641604
18.242130893100
18.314676729459
18.619280469958
18.477666758496
18.480013629880
18.537114885555
18.492571927901
18.802585017879
18.677013931969
18.643289808267
18.857027790206
18.982567229814
19.049618081189
19.058913820822
19.027499916371
18.997010245064
19.004778945658
18.999653727008
18.806720349878
18.855571441805
19.111808652720
19.078180241278
19.011573327877
19.196389398523
19.004996369084
18.962501599975
19.043464638449
19.203925848236
18.912275592425
19.116671428693
19.196131555097
19.219519628071
19.276568947750
19.339620676852
19.193721866249
19.092770224994
19.084177185771
19.219019424584
19.339467679004
19.368158419196
19.434247549710
19.346559657125
19.421892222964
19.248065602021
19.140263278039
19.214864979964
19.503816340458
19.263374937814
19.259788399220
19.446105807013
19.249697037757
19.490150034918
19.457149631306
19.267071735081
19.567311939120
19.317864448041
19.292562680708
19.625156263163
19.697267714032
19.642489023184
19.665678648954
19.705778164037
19.745998567919
19.567348464083
19.726561477404
19.621459754571
19.465198751753
19.735810648271
19.588645371594
19.725832562598
19.805687266800
19.691854430400
19.514895115093
19.601941047389
19.913470211981
19.873740339297
19.668014487639
19.648333493887
19.681330262343
19.879682150888
19.655476621650
19.724317953818
19.743614114556
19.746011096884
20.065211786246
19.730526900691
19.968905562426
19.779143175223
20.062395975951
20.132211208333
20.126610613408
20.172999524394
19.979234940620
20.184239472793
19.880896780439
19.868488263779
20.187111913030
20.197062599677
20.219931699099
19.930187097314
20.008888976718
20.037007395072
20.216681801856
20.102214889272
20.318038436972
20.207053351138
20.051989748163
20.195468122871
20.399998756898
20.459833067929
20.206059009941
20.182078571290
20.338354297258
20.323210012720
20.512170663420
20.254170505355
20.297860148830
20.521502474510
20.204175209729
20.297486914555
20.328166046464
20.366356120466
20.322149280375
20.469725354087
20.507414078419
20.631538449964
20.637301754560
20.711918998810
20.623536457261
20.470374661569
20.564566306700
20.470433805906
20.427167873804
20.796929890557
20.754556563643
20.559080510272
20.481561707792
20.569542271669
20.523941030898
20.637919960075
20.937978326211
20.942152757907
20.917857767127
20.805427868909
20.702083757236
20.751971905628
20.719970817815
20.782773933856
20.979854810309
20.875566310135
21.056895336900
21.098162970047
20.745548441646
20.840280501516
20.863395155950
20.922002281384
20.985536067800
21.148198567363
21.012306115784
21.179706206782
21.063434446357
21.274771451460
20.953505007013
21.293885986174
21.211494318151
21.035629597133
21.156600460062
21.137392001587
21.116430298374
21.111410100641
21.408514457561
21.150735088206
21.122245531232
21.180901038257
21.173956144111
21.289585176142
21.425710736233
21.550995290769
21.330048808164
21.410448044980
21.588407158608
21.248984757630
21.635170543136
21.262271047174
21.675115649517
21.487844708325
21.703717258040
21.434324215493
21.404385571706
21.427153625794
21.585743295435
21.676580187342
21.604764004448
21.595888375290
21.631030560646
21.802948515660
21.751186765658
21.866826777295
21.526478414448
21.607224586657
21.776372214247
21.658797706740
21.662216929549
22.019085538895
21.936331886101
21.721313908161
21.972831269270
21.687004840839
22.013535979317
21.796337243069
21.829480055078
22.127889587620
21.834168043696
22.160348271023
22.231525441473
22.089054999496
22.236046500726
21.991328678934
22.037185499427
22.183356590554
21.969193972982
21.940928923739
21.971050885978
22.217834532142
21.857140895734
22.186073239442
22.008715841900
21.966946377085
21.933849543242
22.119747147792
22.181982771622
22.073393206349
22.256851359569
22.019684583179
22.297250648657
22.299316532269
22.244372941411
21.997249006886
22.278876759245
22.316056547156
22.111464851157
22.166477359104
22.380347034341
22.014535346674
22.218642764319
22.003621225292
22.277176390114
22.068616235948
22.108107261223
22.404778436507
22.269907838713
22.154310324531
22.130533227069
22.188879135710
22.065305289249
22.441437611445
22.352358814378
22.325609340266
22.143996678085
22.212756130329
22.079878885360
22.519927726078
22.283446419045
22.128687974853
22.251708759993
22.553368902269
22.252845259265
22.193796225449
22.467247882583
22.343324089675
22.363406210069
22.394135627795
22.467052438006
22.458360353348
22.207783808699
22.514063564370
22.514872652688
22.585831479846
22.407431170120
22.317059646109
22.237472258520
22.380510564547
22.336174428604
22.613168102292
22.640625548462
22.650824511745
22.678496276597
22.568500598798
22.344731319187
22.342366506145
22.637089025923
22.300940825352
22.644837057077
22.731280355349
22.462881411195
22.537418501960
22.541056430680
22.603939494865
22.454179643630
22.730980104935
22.409716648901
22.600345291112
22.814009956654
22.442312137930
22.837914456424
22.472554058929
22.689923785913
22.464745945522
22.440377912438
22.705048083108
22.823670379721
22.812888113421
22.830606907994
22.780663040030
22.891789891236
22.611244159058
22.881787594041
22.607080391766
22.926589101603
22.636717383697
22.633006947962
22.507662050409
22.625536677363
22.942610103964
22.735454813783
22.575178219658
22.588200277920
22.568354617008
22.810073606372
22.816324700993
22.858895639209
22.780346771471
22.808315402014
22.805721111430
22.565388889090
22.870655918868
22.785090195525
22.904349691627
22.910298891672
22.598907120128
22.674782894826
22.716550165577
22.542032957835
22.504166238315
22.547322273926
22.650356073549
22.699195128461
22.613667448143
22.677008712475
22.859035528696
22.491680407545
22.572227699875
22.529751371839
22.702116968264
22.619451872347
22.808940873732
22.544276897201
22.726809042778
22.891737224326
22.496197455171
22.816001688392
22.767819471120
22.760384007585
22.549406242390
22.558884106152
22.709728227834
22.496330177830
22.608329150243
22.631163758930
22.689635097076
22.866040834423
22.519539108271
22.734666565937
22.924456419823
22.753259430310
22.712592084826
22.842100545512
22.665647130397
22.578112296057
22.631653662086
22.733383830112
22.555825103128
22.510153863083
22.519216952682
22.835839534363
22.619792207124
22.872185280079
22.715891674310
22.519488183004
22.890544053869
22.545648276203
22.591104656485
22.679279701742
22.537260014725
22.778841399177
22.813315588535
22.845573604013
22.681770760975
22.660222002624
22.620013649413
22.837694600883
22.857278049048
22.751498581425
22.616213462852
22.838492032378
22.660909163168
22.685935964974
22.941225246816
22.812079404950
22.648326919245
22.864534937207
22.785069101356
22.871338465098
22.833340894203
22.872311109261
22.921864318572
22.789367295920
22.844024728744
22.657677156742
22.682472438167
22.717602621840
22.556783668474
22.736000865554
22.590134360627
22.848594161129
22.711294957044
22.631700636632
22.714250237831
22.719471828757
22.955831068788
22.926803125529
22.959813896106
22.905422317434
22.747120616145
22.842201633150
22.631205543306
22.964598493051
23.015964695187
22.823459488766
22.762736830405
22.941480005880
22.623545437111
22.685898825827
22.619923903634
22.744853679175
23.023608531000
22.971172988166
22.987904181976
23.063592339430
22.835228734360
22.798772463127
22.628026132315
23.039782441551
23.051920083444
22.788210852082
22.813620093896
22.934406413357
22.754112390968
22.676286524964
22.657963629521
22.894631544480
22.868651868090
22.664762186603
22.897784441223
22.859275997600
22.850522393421
22.687327579808
23.119732710959
22.933616251784
22.816924660802
22.695290357903
22.788118106187
22.874748567630
22.859985978256
22.719534619212
22.950650964865
22.761935922861
22.924239234517
23.066053053118
22.961010357668
23.035814143272
22.749059330793
22.938767773811
22.829433027175
22.769774057505
22.981586243245
22.894551562389
22.797335382894
23.073154286681
22.826168836005
23.002505838627
22.954604635942
23.018146858273
23.140019862984
23.027592726162
23.201085632755
22.795342464579
22.990627933967
22.935764659716
23.165770033731
22.864542058228
23.188070366917
23.161110378812
22.846352439720
23.243323245119
22.954936210155
22.919214275427
23.122919231593
23.179032125821
23.264464244998
22.915220888429
23.217502829265
23.066470330328
22.988066453857
22.902696613892
23.006764196578
23.326030104660
23.248938278567
23.207300450521
23.121855881176
23.013615155594
23.336315074566
22.966542886049
23.358339788579
23.033999396467
23.130746146568
23.298641248340
22.931228728854
23.346659477028
23.233541925799
23.049373085405
23.121661913666
23.182310599474
22.975164956845
23.202617205602
23.357477401897
23.374547030143
23.207134891431
23.427434668152
23.294996600221
23.171991449323
23.412280319505
23.155740845429
23.344524709738
23.131453554682
23.282502981349
23.164406355954
23.237238847395
23.211527863140
23.397180687727
23.374192514884
23.116744942278
23.501675186208
23.089510838491
23.494546980826
23.516397689013
23.189846398083
23.132084626571
23.166552808801
23.121111195918
23.371400183468
23.428602945033
23.132736851738
23.245080922580
23.229731106488
23.342825673233
23.599431153587
23.483729986141
23.585628999665
23.236531064405
23.178512609660
23.526500379912
23.604393845788
23.200916409297
23.462738319612
23.517805582348
23.279363507552
23.604859693015
23.464686422520
23.497601441811
23.538537519940
23.440247338287
23.457700944671
23.631830403504
23.501561712297
23.451466224500
23.382762400822
23.431505843089
23.579369421346
23.457999929504
23.675792749095
23.556227710691
23.648289908483
23.670515475409
23.484403978006
23.699090038931
23.580547432891
23.622152833050
23.697020758872
23.435954596979
23.805354901956
23.372887358175
23.622451135731
23.775708168888
23.788753657094
23.416008613543
23.457344612258
23.578635791016
23.634583306066
23.704863345093
23.728612378356
23.660297794748
23.873222133171
23.880301263867
23.477015465827
23.784180124947
23.912062919003
23.715693463779
23.949818588300
23.950418293819
23.662441571040
23.974537418813
23.964072426477
23.675215642446
23.629973343308
23.820984032096
23.628859210547
23.556894553469
23.658763911697
23.543420356132
23.642144691351
23.944490571438
23.923198753012
23.610981142442
23.933303795193
23.743063127721
23.637310251242
23.753808390759
23.938741710663
23.766706435489
23.702975832942
23.818276688876
23.822801484257
23.703907554178
23.802656301425
23.530266188856
23.583414131071
23.434784856687
23.495737410329
23.539805096107
23.526640021107
23.559095386488
23.763835960390
23.677662255493
23.636159482866
23.560871896137
23.823283024053
23.589942526851
23.393070330602
23.360564760110
23.391774235385
23.569195355072
23.355109825463
23.357272296863
23.791775460668
23.651724610317
23.433776010139
23.514659778971
23.437094443313
23.537033562586
23.436009648939
23.688014775493
23.752809732517
23.751337343678
23.637235999345
23.377343887976
23.614322933965
23.536591838585
23.401976314779
23.568547159537
23.532694829943
23.427509583487
23.633105301758
23.678853630548
23.345586547960
23.290625793905
23.536311544990
23.328175021799
23.318425328377
23.313290431510
23.590926814860
23.356273340087
23.259427543475
23.428483544586
23.340229227156
23.584124103399
23.422537756566
23.482604095905
23.529922864105
23.498892516786
23.222738487565
23.396075583551
23.574248575295
23.346812795839
23.406469395900
23.273148517740
23.394952030196
23.365593624178
23.488177106302
23.183162525290
23.430744572560
23.342158104567
23.373016849294
23.506289140857
23.424107814079
23.502167261337
23.320667212160
23.226791570277
23.158896332582
23.294872585117
23.205756715131
23.144975854098
23.404513640325
23.291346391005
23.193384278470
23.440595166311
23.229018939616
23.489329409058
23.505541310723
23.498051296937
23.157765749747
23.242514554663
23.529483175252
23.241285650649
23.327862254377
23.114514628661
23.082500948548
23.132896657986
23.313566539536
23.130615437493
23.277080509969
23.496866519604
23.514556416383
23.335814175544
23.275596689406
23.123359369604
23.109961579134
23.464326949039
23.439373382930
23.400681754746
23.333134955060
23.425633715292
23.230035137894
23.484180959657
23.150144268560
23.281253208596
23.432311624146
23.468417533348
23.081282654474
23.484253184282
23.397027811489
23.402488967207
23.320310886386
23.127643100752
23.330565315716
23.464021534180
23.039302041262
23.021814162623
23.264155019011
23.385251331382
23.331563252548
23.435303019452
23.140816460833
23.181171144180
23.457657664529
23.322054720284
23.102938421189
23.274725171847
23.085222573289
23.427698465898
23.297372911611
23.279653158464
23.441009662866
23.352746683903
23.213593580812
23.115852780207
23.327149292866
23.338188321696
23.124614185713
23.391295784679
23.376309469790
23.176199509884
22.998202025510
23.150390078436
23.340819334261
23.430190704874
23.307694011365
23.074232945673
23.002161538646
23.230460217737
23.111346269193
23.404937815215
23.113177424616
23.077715862453
23.077776829171
23.287030501243
23.021923804023
23.206520257961
23.255189757986
23.337746169185
23.001726947808
23.154524682315
23.261660677007
23.277691466681
23.291541309267
23.305675066394
23.052724142712
23.400140637577
23.228532895828
23.373022483073
23.120350496125
23.103388043684
23.155672180674
23.232825487629
23.209698759543
23.405928066678
23.200349809571
23.396638214796
23.050275395784
23.419797988286
22.982922656698
23.066431212924
23.195039936538
23.202762232764
23.342212066200
22.964055445798
23.254351933062
22.863619843833
23.141547567709
22.832425693832
23.061563423364
23.169216032817
22.913987794515
22.961433287819
22.783801982512
23.044200824151
22.784731893300
22.829440006328
22.811369302807
22.766779714989
22.857587463547
22.768078082520
22.732510558328
22.970172172877
22.789005560519
22.556517605932
22.623932633974
22.678804253815
22.508083796757
22.521089692011
22.771985433460
22.463903240250
22.602237078157
22.413386335383
22.776454948634
22.643957636817
22.701415117115
22.687708875564
22.537719839687
22.665172641450
22.296551577685
22.586702806219
22.410053205027
22.489005885615
22.274095983372
22.330733294922
22.330096196969
22.105554744129
22.145922379690
22.480625365972
22.184086590756
22.287700537154
22.088645634896
22.383049063522
22.290409228753
22.303099892305
22.053629116680
21.995854550850
22.238467677524
22.126634413020
22.113165699255
22.230796637652
21.883765997804
22.180743992738
22.157517969148
21.935154923889
21.826902910618
21.934940193395
21.958784220583
21.744694735940
21.867219350446
21.947739590951
21.935250956981
21.824353037954
21.859071180832
21.811610675676
21.669727701217
21.981944878243
21.664679794473
21.667111517579
21.789773530451
21.780447871319
21.539500809338
21.526890092436
21.887721564496
21.583378425360
21.439227928840
21.660556075328
21.820057490060
21.772906248319
21.443003045753
21.389953488944
21.694048952675
21.539154654687
21.346027119426
21.662541783098
21.335445726130
21.395174696242
21.597749115422
21.423689972322
21.509844579415
21.273419113122
21.507423234164
21.340596716876
21.216480340513
21.404361949294
21.183798020082
21.474884532361
21.473960289448
21.305712263264
21.404710927733
21.274596685775
21.362348393684
21.017308221626
21.050009828645
21.373444496463
20.990368623444
21.217742570088
21.245679808347
20.998140671659
21.025202224493
21.258426239167
20.927605382710
21.138337126440
21.078200735211
21.108193831240
21.025901340353
20.939598194532
21.072051420355
21.116460321990
20.773658660852
20.810223921317
21.045957379764
20.958818999314
20.719263194785
21.008795599951
21.007400598237
20.971384076872
20.661965655775
20.757828089709
20.946461204539
20.905514915405
20.721213169317
20.529719072515
20.918705350992
20.568681989931
20.522587212938
20.784851547265
20.484958349807
20.725882735494
20.471378052482
20.700683029148
20.727060881975
20.409601636916
20.559031540610
20.552698796104
20.686760419604
20.627212535310
20.661991461712
20.461867030769
20.539286456431
20.279166837597
20.270601800709
20.448262988967
20.453071193006
20.425892440820
20.323171990625
20.299791203118
20.427700910226
20.317488997551
20.202438015933
20.440891725163
20.392314793619
20.428778464047
20.344079479055
20.298929904648
20.065878473738
20.081867732041
20.249399797546
20.241015501896
20.312708049578
20.317563251099
20.271707184131
20.324711212244
20.238694938259
20.105088124819
20.279138152100
19.905465265587
20.262658614201
20.127153964141
19.878843219776
19.849662168496
20.147718310341
19.850317964018
20.184392561963
20.072735201023
19.789478548441
20.044086793032
20.131191728647
19.827348908726
19.833333980677
19.762931581269
19.784416111339
19.856435296095
19.852993330560
19.860813331847
20.000955032669
19.787515307758
19.977156752711
19.723869307879
19.745040317347
19.572379684087
19.760889295792
19.669105013922
19.554929731708
19.830751512262
19.639556743544
19.633529060079
19.650357852670
19.597102937138
19.670564224420
19.486569311725
19.699375776627
19.481423899160
19.376959564135
19.568578404786
19.408030130585
19.562544360984
19.566647845369
19.579904399656
19.350321256299
19.283129346266
19.406975449424
19.211961807942
19.336791323199
19.262051180719
19.404325875751
19.380820495636
19.211927977762
19.356827095499
19.287148359000
19.302670628845
19.344693792394
19.171673477852
19.076204735410
19.150541607769
19.108689007816
19.195563656110
18.978145088900
19.244202585126
19.135314719181
19.088130253641
18.999209854514
18.960030047590
19.086194238224
19.034952427082
18.962039144148
19.030043496580
19.021589988821
18.762676456691
19.022395220138
18.892698547743
18.814970482953
18.951037111052
18.706560154250
18.877298456975
18.675511809231
18.916074124581
18.716732361619
18.877885891235
18.712991164053
18.741627546552
18.736573938205
18.486921437518
18.751604582251
18.540136302862
18.688367857897
18.674474775924
18.411671587380
18.410874671905
18.614136947561
18.483293104268
18.407796309809
18.386220488338
18.384733572685
18.211352000736
18.330102853985
18.449929467165
18.248712875564
18.159906267309
18.367692847977
18.242617162314
18.116970888793
18.249150806726
18.130500243494
18.062601510995
18.083315392483
17.985479941433
18.100371957659
18.197124377891
18.077251306411
17.902892216420
18.060751863687
17.865529408040
18.034794068972
18.008918574665
17.984565983134
17.680880842054
17.956122786529
17.669283798003
17.926318673273
17.837272926409
17.776596168406
17.820934564099
17.672296819190
17.793664773190
17.509669800521
17.734177315809
17.751736747982
17.544112232150
17.575278964410
17.613930365504
17.571080876169
17.587876721656
17.310562103597
17.471868823295
17.575088945542
17.439439215109
17.208902743621
17.486157475322
17.334531402523
17.195856371904
17.249965178690
17.089379270996
17.125579066100
17.373385659050
17.228360557402
17.174246411525
17.059165609516
17.043580073365
17.054369240439
17.163761539617
17.098161147051
16.938877745406
16.952835509113
16.863914276320
16.923884429644
16.815035329807
16.982697884946
16.897827170486
16.848517151304
16.850112291301
16.837567256796
16.648276522873
16.725402540265
16.869075090402
16.680960005187
16.872078964065
16.779631882724
16.609154111707
16.574893127047
16.726009718687
16.646555995336
16.625303648663
16.633217770660
16.375152951713
16.492781110201
16.647246591977
16.483680762147
16.312277981986
16.539270864051
16.372929966968
16.450084584573
16.504656317306
16.199130894075
16.457064926270
16.408434751653
16.239876033763
16.105666370511
16.085463534287
16.060349986425
16.314769524392
16.305249673844
16.111405727686
16.178535974861
15.962225258767
16.234144942899
15.955302707550
16.066820711306
15.972668959169
15.944113443546
16.129469052461
15.919678946139
15.882036710482
15.994585464949
15.981132295436
15.738237202628
15.954124119418
15.911892594739
15.809624191956
15.911230349816
15.790643555246
15.686636398031
15.620623772085
15.720092618662
15.700313799526
15.665653816840
15.772287623468
15.710608461586
15.627349939914
15.530725571874
15.681871171135
15.488130168681
15.500947677982
15.350548908924
15.431023122657
15.380214361290
15.304274947721
15.249450529425
15.517462801060
15.456591287099
15.228118473902
15.439163338744
15.252410815884
15.299710933864
15.190734941066
15.085755963521
15.304675220316
15.191459803257
15.312784419698
15.066761769270
15.277634790266
14.969204439952
15.094581534841
15.135736707279
14.907036437423
14.931938925935
14.994308238619
14.858718898956
14.972875962236
15.066418578007
14.839135464597
14.910227534904
14.929774285746
14.821526534036
14.877376821640
14.720482205736
14.904406261146
14.824583818565
14.840616732089
14.879103379472
14.798577442683
14.665936661416
14.661548884989
14.592029823605
14.534033783575
14.734731791235
14.639507596442
14.597674887986
14.494754972907
14.470595354033
14.539115377606
14.465384576655
14.538491306012
14.336614480083
14.452147314749
14.307899949906
14.486170747884
14.260284408971
14.240380916235
14.293297487551
14.430314435736
14.336540190854
14.372007053332
14.331743447343
14.272635855140
14.088090799949
14.165315846522
14.081205537072
14.052035009234
14.237249960334
14.222765085054
14.115275761451
14.161097542733
13.938154077964
13.947651449533
14.148480149246
13.888047678144
13.934650456060
14.015117829139
14.021587068460
13.894977984569
13.808790401638
13.926047964946
13.881007138257
13.727272069793
13.723698152178
13.855675184319
13.867814618713
13.887084734494
13.686958800588
13.805861277867
13.755489556589
13.639669237031
13.653329787503
13.622619953116
13.638074416563
13.681176459108
13.694344684062
13.616338360123
13.603164431866
13.566335228026
13.610100438019
13.458015145262
13.435540259228
13.414116435645
13.195783548271
13.149070222561
13.125308796859
13.319923588676
13.215821495010
13.235171859483
12.973710389821
13.103997589202
12.926215312316
13.047863417820
12.929558336193
12.840321136499
12.714367907410
12.671360606810
12.628329001464
12.633683765678
12.529917135480
12.609903715117
12.418936122877
12.393535153005
12.489469639657
12.315736003568
12.342063070495
12.323895062337
12.330338663229
12.134850445162
12.309398525448
12.215367468575
12.190687147025
11.987549120634
11.937199460181
12.027915993346
12.029519626120
11.889392866751
11.852508843836
11.846852096420
11.648320492160
11.711985572861
11.660134503831
11.714949279214
11.554412866965
11.448233954084
11.468589247534
11.446912841001
11.331339221650
11.398396889994
11.414319250476
11.311425157942
11.232948755882
11.197578696901
11.064272905280
11.134687718328
11.085331502324
11.040886727442
10.918839773393
11.033821678599
10.978657754764
10.783226368980
10.713907050400
10.680796059242
10.724814850119
10.697559034834
10.617980988973
10.626417067710
10.595026933401
10.591930269613
10.517601439576
10.536177903934
10.450729358355
10.290436656429
10.282806596966
10.200573165144
10.159562637574
10.140520712505
10.203657436129
10.070223683723
10.106757761908
10.068543822170
9.986550551405
9.953333435334
9.865632091045
9.742355177443
9.716019079114
9.679866753735
9.667335027304
9.651416586342
9.673420953278
9.573260415046
9.626092654887
9.410251077838
9.431685854767
9.504367737861
9.377083211553
9.338639274413
9.296508476717
9.271256181617
9.240328616510
9.089725653707
9.159279663154
9.125374685030
9.056094012271
9.008718339197
8.847434243093
8.825392108771
8.799603228650
8.848914182251
8.672360058596
8.766669673757
8.722605046156
8.681794849529
8.535712975514
8.451919898575
8.509983813723
8.461722036531
8.313401524797
8.282383619248
8.365111718180
8.303642690577
8.154196760152
8.114791202921
8.052106239818
8.115548928856
7.990985115048
7.911453009347
7.970366206278
7.889934766220
7.799846937106
7.824860886117
7.811778874781
7.654916137484
7.657899440087
7.552428452026
7.532706970282
7.534807662061
7.482686051585
7.447444179790
7.367659391045
7.337713675622
7.313538058093
7.241314406047
7.283524202806
7.134532564866
7.196891504581
7.142348105234
6.995702114952
7.009406230442
6.951469686806
6.835239956105
6.840451881911
6.750638630745
6.789343317267
6.756008362414
6.713755269951
6.580963894032
6.602715929191
6.587146082263
6.506235607020
6.501262151361
6.463763748825
6.420662619094
6.294576783475
6.271896538648
6.194124110192
6.200972513463
6.175800333379
6.125726790828
5.994421116566
6.030632898005
5.963591374330
5.953296545664
5.877853696416
5.826266025341
5.795891702535
5.742727443681
5.737780192962
5.685051094475
5.595103122306
5.602651753527
5.547777737172
5.440231590111
5.433740382532
5.408640532357
5.345777736501
5.258880388800
5.284513575645
5.215149869301
5.202444555950
5.154590930400
5.074187157027
5.025434076049
4.982029941286
4.925954363621
4.907339858619
4.849932263775
4.767342037540
4.759514843949
4.734909409380
4.677852763970
4.590998892044
4.580883740740
4.533632373324
4.485988588432
4.483493798949
4.430768971256
4.333241405494
4.332601134952
4.255297612675
4.256030060421
4.148185318218
4.111502846920
4.111387647057
4.024920958948
3.982486976634
3.982969355528
3.910415435936
3.842194067114
3.834663811648
3.789689009453
3.729612485217
3.717539731368
3.613793297000
3.601687301618
3.515845311061
3.507602342059
3.431545898576
3.421688230591
3.343505007483
3.350330714309
3.276057684568
3.254586992845
3.196499591629
3.150610089868
3.095190708527
3.072824241148
3.006516324052
2.951781673680
2.914345003121
2.865709038162
2.812587162201
2.818514941655
2.761586542970
2.695935019195
2.641956332771
2.629150842656
2.561448556421
2.533570448578
2.467173529426
2.415936688620
2.371407715805
2.348685248099
2.289926216281
2.264648880300
2.219407489872
2.168958259108
2.124609519526
2.069090001628
2.053179556234
1.991892338211
1.942898274985
1.905983732011
1.871964347271
1.830938165646
1.785017361558
1.728642785611
1.678744571041
1.637043697750
1.606017192495
1.566151273549
1.517002402484
1.456426601062
1.417343752157
1.360073247044
1.332968184156
1.281556632774
1.253025773656
1.186426359315
1.141856427907
1.105086397198
1.059808560655
1.014592690408
0.981973650078
0.935993933257
0.884421831424
0.841238343145
0.805474194609
0.755796077905
0.702123034477
0.668260977616
0.624629333732
0.580085745819
0.536224062210
0.488298847152
0.447219401352
0.395838678725
0.351039741400
0.313222642568
0.264995903596
0.221287694887
0.176489385479
0.131705137776
0.087917408789
0.044630127669
0.000000000000
